Supplemental results for CODEML (seqf: trpA.pml  treef: trpA.nwk.Labeled.txt)


dN/dS (w) for site classes (K=4)

site class             0        1       2a       2b
proportion       0.42215  0.16843  0.29266  0.11676
background w     0.14409  1.00000  0.14409  1.00000
foreground w     0.14409  1.00000  1.00000  1.00000

Naive Empirical Bayes (NEB) probabilities for 4 classes
(amino acids refer to 1st sequence: A_ba_DBAL01)

   1 S   0.67005 0.02630 0.28542 0.01823 ( 1)
   2 N   0.60516 0.00000 0.39484 0.00000 ( 1)
   3 R   0.64502 0.00000 0.35498 0.00000 ( 1)
   4 I   0.68783 0.00000 0.31217 0.00000 ( 1)
   5 D   0.00006 0.59050 0.00008 0.40937 ( 2)
   6 A   0.00000 0.59058 0.00000 0.40942 ( 2)
   7 E   0.00006 0.59052 0.00004 0.40938 ( 2)
   8 K   0.00000 0.59058 0.00000 0.40942 ( 2)
   9 A   0.65336 0.00000 0.34664 0.00000 ( 1)
  10 F   0.68291 0.00000 0.31709 0.00000 ( 1)
  11 V   0.69140 0.00000 0.30860 0.00000 ( 1)
  12 A   0.67753 0.00000 0.32247 0.00000 ( 1)
  13 Y   0.66023 0.00000 0.33977 0.00000 ( 1)
  14 V   0.21512 0.00000 0.78488 0.00000 ( 3)
  15 S   0.66618 0.00072 0.33261 0.00050 ( 1)
  16 A   0.68455 0.00000 0.31545 0.00000 ( 1)
  17 G   0.67192 0.00000 0.32808 0.00000 ( 1)
  18 D   0.71187 0.00000 0.28813 0.00000 ( 1)
  19 P   0.59270 0.00000 0.40730 0.00000 ( 1)
  20 D   0.00000 0.59058 0.00000 0.40942 ( 2)
  21 L   0.00045 0.59004 0.00045 0.40905 ( 2)
  22 Q   0.00234 0.58850 0.00118 0.40798 ( 2)
  23 I   0.00000 0.59058 0.00000 0.40942 ( 2)
  24 M   0.39157 0.02929 0.55884 0.02030 ( 3)
  25 I   0.00000 0.59058 0.00000 0.40942 ( 2)
  26 A   0.66985 0.00692 0.31843 0.00480 ( 1)
  27 L   0.64629 0.00000 0.35371 0.00000 ( 1)
  28 A   0.38372 0.00000 0.61628 0.00000 ( 3)
  29 E   0.00000 0.59058 0.00000 0.40942 ( 2)
  30 A   0.01712 0.57565 0.00816 0.39907 ( 2)
  31 G   0.67811 0.00000 0.32189 0.00000 ( 1)
  32 A   0.33609 0.00000 0.66391 0.00000 ( 3)
  33 D   0.69250 0.00000 0.30750 0.00000 ( 1)
  34 I   0.69523 0.00000 0.30477 0.00000 ( 1)
  35 L   0.58392 0.00000 0.41608 0.00000 ( 1)
  36 E   0.70300 0.00000 0.29700 0.00000 ( 1)
  37 L   0.54472 0.00000 0.45528 0.00000 ( 1)
  38 G   0.67572 0.00000 0.32428 0.00000 ( 1)
  39 V   0.69558 0.00000 0.30442 0.00000 ( 1)
  40 P   0.67253 0.00000 0.32747 0.00000 ( 1)
  41 F   0.69394 0.00000 0.30606 0.00000 ( 1)
  42 S   0.66396 0.00000 0.33604 0.00000 ( 1)
  43 D   0.71343 0.00000 0.28657 0.00000 ( 1)
  44 P   0.66915 0.00000 0.33085 0.00000 ( 1)
  45 L   0.31671 0.00000 0.68329 0.00000 ( 3)
  46 A   0.67656 0.00000 0.32344 0.00000 ( 1)
  47 D   0.71486 0.00000 0.28514 0.00000 ( 1)
  48 G   0.67950 0.00000 0.32050 0.00000 ( 1)
  49 V   0.65314 0.00008 0.34673 0.00005 ( 1)
  50 V   0.52898 0.00000 0.47102 0.00000 ( 1)
  51 N   0.60480 0.00000 0.39520 0.00000 ( 1)
  52 Q   0.67293 0.00000 0.32707 0.00000 ( 1)
  53 A   0.00000 0.59058 0.00000 0.40942 ( 2)
  54 A   0.67597 0.00000 0.32403 0.00000 ( 1)
  55 A   0.03925 0.00000 0.96075 0.00000 ( 3)
  56 A   0.00032 0.59030 0.00014 0.40923 ( 2)
  57 R   0.64160 0.00000 0.35840 0.00000 ( 1)
  58 A   0.68027 0.00000 0.31973 0.00000 ( 1)
  59 L   0.65767 0.00000 0.34233 0.00000 ( 1)
  60 S   0.00000 0.59058 0.00000 0.40942 ( 2)
  61 A   0.00000 0.59058 0.00000 0.40942 ( 2)
  62 G   0.62351 0.00000 0.37649 0.00000 ( 1)
  63 S   0.06088 0.49005 0.10934 0.33973 ( 2)
  64 N   0.65438 0.00000 0.34562 0.00000 ( 1)
  65 S   0.00011 0.59044 0.00012 0.40933 ( 2)
  66 S   0.00000 0.59058 0.00000 0.40942 ( 2)
  67 R   0.00000 0.59058 0.00000 0.40942 ( 2)
  68 I   0.67043 0.00000 0.32957 0.00000 ( 1)
  69 F   0.59472 0.00000 0.40528 0.00000 ( 1)
  70 E   0.00000 0.59058 0.00000 0.40942 ( 2)
  71 L   0.00000 0.59058 0.00000 0.40942 ( 2)
  72 I   0.67656 0.00000 0.32344 0.00000 ( 1)
  73 R   0.00000 0.59058 0.00000 0.40942 ( 2)
  74 R   0.00000 0.59058 0.00000 0.40942 ( 2)
  75 F   0.67576 0.00000 0.32424 0.00000 ( 1)
  76 R   0.64276 0.00000 0.35724 0.00000 ( 1)
  77 Q   0.00000 0.59058 0.00000 0.40942 ( 2)
  78 V   0.68212 0.00234 0.31392 0.00162 ( 1)
  79 P   0.66025 0.00000 0.33975 0.00000 ( 1)
  80 I   0.69122 0.00000 0.30878 0.00000 ( 1)
  81 V   0.60874 0.00000 0.39126 0.00000 ( 1)
  82 L   0.40092 0.00000 0.59908 0.00000 ( 3)
  83 F   0.69420 0.00000 0.30580 0.00000 ( 1)
  84 T   0.67574 0.00000 0.32426 0.00000 ( 1)
  85 Y   0.67122 0.00000 0.32878 0.00000 ( 1)
  86 L   0.25726 0.00002 0.74270 0.00002 ( 3)
  87 N   0.69926 0.00000 0.30074 0.00000 ( 1)
  88 V   0.68988 0.00000 0.31012 0.00000 ( 1)
  89 Y   0.23987 0.00000 0.76013 0.00000 ( 3)
  90 T   0.00000 0.59058 0.00000 0.40942 ( 2)
  91 Y   0.09710 0.00743 0.89033 0.00515 ( 3)
  92 G   0.67003 0.00000 0.32997 0.00000 ( 1)
  93 F   0.69221 0.00000 0.30779 0.00000 ( 1)
  94 H   0.00004 0.59040 0.00027 0.40930 ( 2)
  95 E   0.00000 0.59058 0.00000 0.40942 ( 2)
  96 D   0.45789 0.00000 0.54211 0.00000 ( 3)
  97 A   0.67858 0.00000 0.32142 0.00000 ( 1)
  98 A   0.00023 0.58804 0.00406 0.40767 ( 2)
  99 Q   0.00000 0.59058 0.00000 0.40942 ( 2)
 100 A   0.67808 0.00000 0.32192 0.00000 ( 1)
 101 G   0.67622 0.00000 0.32378 0.00000 ( 1)
 102 A   0.50730 0.00000 0.49270 0.00000 ( 1)
 103 D   0.71210 0.00000 0.28790 0.00000 ( 1)
 104 G   0.66502 0.00000 0.33498 0.00000 ( 1)
 105 I   0.62601 0.00126 0.37186 0.00087 ( 1)
 106 L   0.63768 0.00000 0.36232 0.00000 ( 1)
 107 L   0.00199 0.58885 0.00094 0.40822 ( 2)
 108 L   0.23353 0.00000 0.76647 0.00000 ( 3)
 109 D   0.71164 0.00000 0.28836 0.00000 ( 1)
 110 L   0.64470 0.00000 0.35530 0.00000 ( 1)
 111 P   0.66982 0.00000 0.33018 0.00000 ( 1)
 112 P   0.65779 0.00000 0.34221 0.00000 ( 1)
 113 D   0.69922 0.00000 0.30078 0.00000 ( 1)
 114 E   0.70375 0.00000 0.29625 0.00000 ( 1)
 115 A   0.00000 0.59058 0.00000 0.40942 ( 2)
 116 A   0.00000 0.59058 0.00000 0.40942 ( 2)
 117 Q   0.00000 0.59058 0.00000 0.40942 ( 2)
 118 G   0.67351 0.00000 0.32648 0.00000 ( 1)
 119 L   0.64839 0.00000 0.35161 0.00000 ( 1)
 120 K   0.00000 0.59058 0.00000 0.40942 ( 2)
 121 Q   0.00068 0.58991 0.00045 0.40896 ( 2)
 122 I   0.69012 0.00000 0.30988 0.00000 ( 1)
 123 R   0.62324 0.00764 0.36382 0.00530 ( 1)
 124 L   0.67137 0.00000 0.32863 0.00000 ( 1)
 125 I   0.53322 0.00000 0.46678 0.00000 ( 1)
 126 A   0.45594 0.00000 0.54406 0.00000 ( 3)
 127 P   0.66025 0.00000 0.33975 0.00000 ( 1)
 128 T   0.21045 0.00000 0.78955 0.00000 ( 3)
 129 T   0.66484 0.00000 0.33516 0.00000 ( 1)
 130 P   0.00000 0.59058 0.00000 0.40942 ( 2)
 131 D   0.69115 0.00041 0.30816 0.00028 ( 1)
 132 R   0.63917 0.00000 0.36083 0.00000 ( 1)
 133 V   0.60984 0.00025 0.38974 0.00017 ( 1)
 134 E   0.00000 0.59058 0.00000 0.40942 ( 2)
 135 L   0.00000 0.59058 0.00000 0.40942 ( 2)
 136 L   0.68985 0.00000 0.31015 0.00000 ( 1)
 137 A   0.07012 0.04104 0.86038 0.02845 ( 3)
 138 G   0.00000 0.59058 0.00000 0.40942 ( 2)
 139 M   0.00000 0.59058 0.00000 0.40942 ( 2)
 140 A   0.68040 0.00000 0.31960 0.00000 ( 1)
 141 G   0.67034 0.00000 0.32966 0.00000 ( 1)
 142 F   0.69229 0.00000 0.30771 0.00000 ( 1)
 143 I   0.57710 0.00000 0.42290 0.00000 ( 1)
 144 Y   0.67125 0.00000 0.32875 0.00000 ( 1)
 145 A   0.66675 0.00000 0.33325 0.00000 ( 1)
 146 L   0.67351 0.00000 0.32649 0.00000 ( 1)
 147 S   0.63505 0.00000 0.36495 0.00000 ( 1)
 148 R   0.63923 0.00000 0.36077 0.00000 ( 1)
 149 T   0.65947 0.00004 0.34047 0.00003 ( 1)
 150 G   0.67143 0.00000 0.32857 0.00000 ( 1)
 151 V   0.36499 0.00000 0.63501 0.00000 ( 3)
 152 T   0.66762 0.00000 0.33238 0.00000 ( 1)
 153 A   0.00000 0.59058 0.00000 0.40942 ( 2)
 154 Q   0.00023 0.59039 0.00009 0.40929 ( 2)
 155 I   0.28944 0.00000 0.71056 0.00000 ( 3)
 156 G   0.00000 0.59058 0.00000 0.40942 ( 2)
 157 D   0.00031 0.58995 0.00075 0.40899 ( 2)
 158 H   0.00000 0.59058 0.00000 0.40942 ( 2)
 159 V   0.67748 0.00000 0.32252 0.00000 ( 1)
 160 A   0.00000 0.59058 0.00000 0.40942 ( 2)
 161 A   0.00000 0.59058 0.00000 0.40942 ( 2)
 162 I   0.68434 0.00000 0.31566 0.00000 ( 1)
 163 K   0.64881 0.00233 0.34724 0.00162 ( 1)
 164 F   0.00000 0.59058 0.00000 0.40942 ( 2)
 165 T   0.21809 0.00001 0.78189 0.00001 ( 3)
 166 D   0.00000 0.59058 0.00000 0.40942 ( 2)
 167 V   0.04647 0.54837 0.02500 0.38016 ( 2)
 168 P   0.67056 0.00000 0.32944 0.00000 ( 1)
 169 V   0.63245 0.00000 0.36755 0.00000 ( 1)
 170 C   0.43785 0.00001 0.56214 0.00000 ( 3)
 171 V   0.41208 0.00000 0.58792 0.00000 ( 3)
 172 G   0.68058 0.00000 0.31942 0.00000 ( 1)
 173 F   0.69448 0.00000 0.30552 0.00000 ( 1)
 174 G   0.67223 0.00000 0.32777 0.00000 ( 1)
 175 I   0.68659 0.00000 0.31341 0.00000 ( 1)
 176 S   0.65427 0.00008 0.34559 0.00006 ( 1)
 177 T   0.34720 0.00000 0.65279 0.00000 ( 3)
 178 P   0.22070 0.00000 0.77929 0.00000 ( 3)
 179 E   0.69283 0.00000 0.30717 0.00000 ( 1)
 180 Q   0.04213 0.00000 0.95787 0.00000 ( 3)
 181 A   0.67935 0.00000 0.32065 0.00000 ( 1)
 182 A   0.00000 0.59058 0.00000 0.40942 ( 2)
 183 L   0.00000 0.59058 0.00000 0.40942 ( 2)
 184 V   0.66842 0.00000 0.33158 0.00000 ( 1)
 185 S   0.04165 0.00000 0.95835 0.00000 ( 3)
 186 S   0.00000 0.59058 0.00000 0.40942 ( 2)
 187 V   0.00000 0.59058 0.00000 0.40942 ( 2)
 188 A   0.67855 0.00000 0.32145 0.00000 ( 1)
 189 D   0.71210 0.00000 0.28790 0.00000 ( 1)
 190 G   0.67150 0.00000 0.32850 0.00000 ( 1)
 191 I   0.22948 0.00000 0.77052 0.00000 ( 3)
 192 V   0.59025 0.00000 0.40975 0.00000 ( 1)
 193 V   0.67663 0.00000 0.32337 0.00000 ( 1)
 194 G   0.67317 0.00000 0.32683 0.00000 ( 1)
 195 S   0.08004 0.00000 0.91996 0.00000 ( 3)
 196 A   0.67425 0.00000 0.32575 0.00000 ( 1)
 197 I   0.53952 0.00000 0.46048 0.00000 ( 1)
 198 V   0.68121 0.00000 0.31879 0.00000 ( 1)
 199 K   0.04037 0.55207 0.02483 0.38273 ( 2)
 200 Q   0.00000 0.59058 0.00000 0.40942 ( 2)
 201 V   0.68737 0.00000 0.31263 0.00000 ( 1)
 202 E   0.00001 0.59057 0.00001 0.40941 ( 2)
 203 I   0.00000 0.59058 0.00000 0.40942 ( 2)


lnL = -40391.423340

