Supplemental results for CODEML (seqf: trpA.pml  treef: trpA.nwk.Labeled.txt)


dN/dS (w) for site classes (K=4)

site class             0        1       2a       2b
proportion       0.59300  0.23659  0.12181  0.04860
background w     0.14418  1.00000  0.14418  1.00000
foreground w     0.14418  1.00000 999.00000 999.00000

Naive Empirical Bayes (NEB) probabilities for 4 classes
(amino acids refer to 1st sequence: A_ba_DBAL01)

   1 S   0.92570 0.04983 0.02265 0.00182 ( 1)
   2 N   0.85722 0.00000 0.14278 0.00000 ( 1)
   3 R   0.87888 0.00000 0.12112 0.00000 ( 1)
   4 I   0.96321 0.00000 0.03679 0.00000 ( 1)
   5 D   0.00007 0.80981 0.00007 0.19004 ( 2)
   6 A   0.00000 0.93716 0.00000 0.06284 ( 2)
   7 E   0.00010 0.90197 0.00002 0.09791 ( 2)
   8 K   0.00000 0.94753 0.00000 0.05247 ( 2)
   9 A   0.93023 0.00000 0.06977 0.00000 ( 1)
  10 F   0.96862 0.00000 0.03138 0.00000 ( 1)
  11 V   0.96824 0.00000 0.03176 0.00000 ( 1)
  12 A   0.95500 0.00000 0.04500 0.00000 ( 1)
  13 Y   0.95565 0.00000 0.04435 0.00000 ( 1)
  14 V   0.03872 0.00000 0.96128 0.00000 ( 3)
  15 S   0.95594 0.00125 0.04273 0.00008 ( 1)
  16 A   0.96273 0.00000 0.03727 0.00000 ( 1)
  17 G   0.96099 0.00000 0.03901 0.00000 ( 1)
  18 D   0.97176 0.00000 0.02824 0.00000 ( 1)
  19 P   0.86255 0.00000 0.13745 0.00000 ( 1)
  20 D   0.00000 0.74141 0.00000 0.25859 ( 2)
  21 L   0.00066 0.88070 0.00020 0.11844 ( 2)
  22 Q   0.00316 0.90384 0.00016 0.09284 ( 2)
  23 I   0.00000 0.78449 0.00000 0.21551 ( 2)
  24 M   0.45158 0.05351 0.48632 0.00859 ( 3)
  25 I   0.00000 0.88052 0.00000 0.11948 ( 2)
  26 A   0.94540 0.01207 0.04138 0.00115 ( 1)
  27 L   0.93603 0.00000 0.06397 0.00000 ( 1)
  28 A   0.40190 0.00000 0.59810 0.00000 ( 3)
  29 E   0.00000 0.86721 0.00000 0.13279 ( 2)
  30 A   0.02372 0.85323 0.00104 0.12200 ( 2)
  31 G   0.96375 0.00000 0.03625 0.00000 ( 1)
  32 A   0.41068 0.00000 0.58932 0.00000 ( 3)
  33 D   0.95922 0.00000 0.04078 0.00000 ( 1)
  34 I   0.97037 0.00000 0.02963 0.00000 ( 1)
  35 L   0.85642 0.00000 0.14358 0.00000 ( 1)
  36 E   0.97201 0.00000 0.02799 0.00000 ( 1)
  37 L   0.79674 0.00000 0.20326 0.00000 ( 1)
  38 G   0.96259 0.00000 0.03741 0.00000 ( 1)
  39 V   0.97052 0.00000 0.02948 0.00000 ( 1)
  40 P   0.96296 0.00000 0.03704 0.00000 ( 1)
  41 F   0.97421 0.00000 0.02579 0.00000 ( 1)
  42 S   0.95770 0.00000 0.04230 0.00000 ( 1)
  43 D   0.97230 0.00000 0.02770 0.00000 ( 1)
  44 P   0.96095 0.00000 0.03905 0.00000 ( 1)
  45 L   0.34924 0.00000 0.65076 0.00000 ( 3)
  46 A   0.95775 0.00000 0.04225 0.00000 ( 1)
  47 D   0.97376 0.00000 0.02624 0.00000 ( 1)
  48 G   0.96457 0.00000 0.03543 0.00000 ( 1)
  49 V   0.94208 0.00013 0.05779 0.00001 ( 1)
  50 V   0.77860 0.00000 0.22140 0.00000 ( 1)
  51 N   0.90808 0.00000 0.09192 0.00000 ( 1)
  52 Q   0.96387 0.00000 0.03613 0.00000 ( 1)
  53 A   0.00000 0.89781 0.00000 0.10219 ( 2)
  54 A   0.95786 0.00000 0.04214 0.00000 ( 1)
  55 A   0.00009 0.00000 0.99991 0.00000 ( 3)
  56 A   0.00046 0.89470 0.00002 0.10482 ( 2)
  57 R   0.92729 0.00000 0.07271 0.00000 ( 1)
  58 A   0.95860 0.00000 0.04140 0.00000 ( 1)
  59 L   0.94699 0.00000 0.05301 0.00000 ( 1)
  60 S   0.00000 0.82347 0.00000 0.17653 ( 2)
  61 A   0.00000 0.80336 0.00000 0.19664 ( 2)
  62 G   0.90118 0.00000 0.09882 0.00000 ( 1)
  63 S   0.06406 0.73573 0.07792 0.12229 ( 2)
  64 N   0.93439 0.00000 0.06561 0.00000 ( 1)
  65 S   0.00020 0.69743 0.00015 0.30222 ( 2)
  66 S   0.00000 0.87224 0.00000 0.12776 ( 2)
  67 R   0.00000 0.87686 0.00000 0.12314 ( 2)
  68 I   0.94517 0.00000 0.05482 0.00000 ( 1)
  69 F   0.88596 0.00000 0.11404 0.00000 ( 1)
  70 E   0.00000 0.88802 0.00000 0.11198 ( 2)
  71 L   0.00000 0.90521 0.00000 0.09479 ( 2)
  72 I   0.95107 0.00000 0.04893 0.00000 ( 1)
  73 R   0.00000 0.92712 0.00000 0.07288 ( 2)
  74 R   0.00000 0.89264 0.00000 0.10736 ( 2)
  75 F   0.95572 0.00000 0.04428 0.00000 ( 1)
  76 R   0.93576 0.00000 0.06424 0.00000 ( 1)
  77 Q   0.00000 0.93359 0.00000 0.06641 ( 2)
  78 V   0.96124 0.00388 0.03463 0.00026 ( 1)
  79 P   0.95338 0.00000 0.04662 0.00000 ( 1)
  80 I   0.96725 0.00000 0.03275 0.00000 ( 1)
  81 V   0.88697 0.00000 0.11303 0.00000 ( 1)
  82 L   0.58420 0.00000 0.41580 0.00000 ( 1)
  83 F   0.97439 0.00000 0.02561 0.00000 ( 1)
  84 T   0.96336 0.00000 0.03664 0.00000 ( 1)
  85 Y   0.96392 0.00000 0.03608 0.00000 ( 1)
  86 L   0.16603 0.00006 0.83390 0.00001 ( 3)
  87 N   0.97472 0.00000 0.02528 0.00000 ( 1)
  88 V   0.96613 0.00000 0.03387 0.00000 ( 1)
  89 Y   0.08365 0.00000 0.91635 0.00000 ( 3)
  90 T   0.00000 0.84561 0.00000 0.15439 ( 2)
  91 Y   0.00379 0.00231 0.99068 0.00322 ( 3)
  92 G   0.95571 0.00000 0.04429 0.00000 ( 1)
  93 F   0.97310 0.00000 0.02690 0.00000 ( 1)
  94 H   0.00001 0.82476 0.00066 0.17457 ( 2)
  95 E   0.00000 0.88123 0.00000 0.11877 ( 2)
  96 D   0.70514 0.00000 0.29486 0.00000 ( 1)
  97 A   0.95965 0.00000 0.04035 0.00000 ( 1)
  98 A   0.00002 0.76388 0.01172 0.22437 ( 2)
  99 Q   0.00000 0.89494 0.00000 0.10506 ( 2)
 100 A   0.95449 0.00000 0.04551 0.00000 ( 1)
 101 G   0.96227 0.00000 0.03773 0.00000 ( 1)
 102 A   0.74994 0.00000 0.25006 0.00000 ( 1)
 103 D   0.97233 0.00000 0.02767 0.00000 ( 1)
 104 G   0.94740 0.00000 0.05260 0.00000 ( 1)
 105 I   0.90279 0.00213 0.09484 0.00025 ( 1)
 106 L   0.85975 0.00000 0.14025 0.00000 ( 1)
 107 L   0.00271 0.90990 0.00012 0.08727 ( 2)
 108 L   0.07606 0.00000 0.92394 0.00000 ( 3)
 109 D   0.97213 0.00000 0.02787 0.00000 ( 1)
 110 L   0.92895 0.00000 0.07105 0.00000 ( 1)
 111 P   0.96114 0.00000 0.03886 0.00000 ( 1)
 112 P   0.94205 0.00000 0.05795 0.00000 ( 1)
 113 D   0.96944 0.00000 0.03056 0.00000 ( 1)
 114 E   0.97276 0.00000 0.02724 0.00000 ( 1)
 115 A   0.00000 0.83405 0.00000 0.16595 ( 2)
 116 A   0.00000 0.86260 0.00000 0.13740 ( 2)
 117 Q   0.00000 0.75500 0.00000 0.24500 ( 2)
 118 G   0.95610 0.00001 0.04389 0.00000 ( 1)
 119 L   0.92967 0.00000 0.07033 0.00000 ( 1)
 120 K   0.00000 0.89657 0.00000 0.10343 ( 2)
 121 Q   0.00098 0.87142 0.00014 0.12746 ( 2)
 122 I   0.96611 0.00000 0.03389 0.00000 ( 1)
 123 R   0.91141 0.01113 0.07645 0.00102 ( 1)
 124 L   0.95891 0.00000 0.04109 0.00000 ( 1)
 125 I   0.79758 0.00000 0.20242 0.00000 ( 1)
 126 A   0.69800 0.00000 0.30200 0.00000 ( 1)
 127 P   0.95334 0.00000 0.04666 0.00000 ( 1)
 128 T   0.01712 0.00000 0.98288 0.00000 ( 3)
 129 T   0.95535 0.00000 0.04465 0.00000 ( 1)
 130 P   0.00000 0.91213 0.00000 0.08787 ( 2)
 131 D   0.96640 0.00070 0.03284 0.00006 ( 1)
 132 R   0.92162 0.00000 0.07838 0.00000 ( 1)
 133 V   0.86396 0.00038 0.13561 0.00005 ( 1)
 134 E   0.00000 0.88910 0.00000 0.11090 ( 2)
 135 L   0.00000 0.89182 0.00000 0.10818 ( 2)
 136 L   0.96560 0.00000 0.03440 0.00000 ( 1)
 137 A   0.00505 0.01412 0.97381 0.00702 ( 3)
 138 G   0.00000 0.92176 0.00000 0.07824 ( 2)
 139 M   0.00000 0.91191 0.00000 0.08809 ( 2)
 140 A   0.96018 0.00000 0.03982 0.00000 ( 1)
 141 G   0.95666 0.00000 0.04334 0.00000 ( 1)
 142 F   0.97256 0.00000 0.02744 0.00000 ( 1)
 143 I   0.84747 0.00000 0.15253 0.00000 ( 1)
 144 Y   0.96394 0.00000 0.03606 0.00000 ( 1)
 145 A   0.95977 0.00000 0.04023 0.00000 ( 1)
 146 L   0.94912 0.00000 0.05088 0.00000 ( 1)
 147 S   0.92399 0.00000 0.07601 0.00000 ( 1)
 148 R   0.93316 0.00000 0.06684 0.00000 ( 1)
 149 T   0.94729 0.00006 0.05265 0.00000 ( 1)
 150 G   0.95639 0.00000 0.04361 0.00000 ( 1)
 151 V   0.36875 0.00000 0.63125 0.00000 ( 3)
 152 T   0.95757 0.00000 0.04243 0.00000 ( 1)
 153 A   0.00000 0.86421 0.00000 0.13579 ( 2)
 154 Q   0.00028 0.90445 0.00001 0.09526 ( 2)
 155 I   0.31292 0.00000 0.68708 0.00000 ( 3)
 156 G   0.00000 0.88344 0.00000 0.11656 ( 2)
 157 D   0.00014 0.87415 0.00037 0.12534 ( 2)
 158 H   0.00000 0.84316 0.00000 0.15684 ( 2)
 159 V   0.95301 0.00000 0.04699 0.00000 ( 1)
 160 A   0.00000 0.89099 0.00000 0.10901 ( 2)
 161 A   0.00000 0.71482 0.00000 0.28518 ( 2)
 162 I   0.96491 0.00000 0.03509 0.00000 ( 1)
 163 K   0.91192 0.00508 0.08252 0.00048 ( 1)
 164 F   0.00000 0.85326 0.00000 0.14674 ( 2)
 165 T   0.03538 0.00002 0.96460 0.00001 ( 3)
 166 D   0.00000 0.86749 0.00000 0.13251 ( 2)
 167 V   0.06460 0.85196 0.00444 0.07900 ( 2)
 168 P   0.96158 0.00000 0.03842 0.00000 ( 1)
 169 V   0.91299 0.00000 0.08701 0.00000 ( 1)
 170 C   0.60293 0.00001 0.39706 0.00000 ( 1)
 171 V   0.56720 0.00000 0.43280 0.00000 ( 1)
 172 G   0.96573 0.00000 0.03427 0.00000 ( 1)
 173 F   0.97466 0.00000 0.02534 0.00000 ( 1)
 174 G   0.95964 0.00000 0.04036 0.00000 ( 1)
 175 I   0.96490 0.00000 0.03510 0.00000 ( 1)
 176 S   0.94865 0.00015 0.05119 0.00001 ( 1)
 177 T   0.31153 0.00000 0.68847 0.00000 ( 3)
 178 P   0.05322 0.00000 0.94678 0.00000 ( 3)
 179 E   0.96430 0.00000 0.03570 0.00000 ( 1)
 180 Q   0.00014 0.00000 0.99986 0.00000 ( 3)
 181 A   0.95988 0.00000 0.04012 0.00000 ( 1)
 182 A   0.00000 0.84953 0.00000 0.15047 ( 2)
 183 L   0.00000 0.78685 0.00000 0.21315 ( 2)
 184 V   0.94500 0.00000 0.05500 0.00000 ( 1)
 185 S   0.00014 0.00000 0.99986 0.00000 ( 3)
 186 S   0.00000 0.93020 0.00000 0.06980 ( 2)
 187 V   0.00000 0.84200 0.00000 0.15800 ( 2)
 188 A   0.95944 0.00000 0.04056 0.00000 ( 1)
 189 D   0.97156 0.00000 0.02844 0.00000 ( 1)
 190 G   0.96027 0.00000 0.03973 0.00000 ( 1)
 191 I   0.02396 0.00000 0.97604 0.00000 ( 3)
 192 V   0.87778 0.00000 0.12222 0.00000 ( 1)
 193 V   0.95330 0.00000 0.04670 0.00000 ( 1)
 194 G   0.96068 0.00000 0.03932 0.00000 ( 1)
 195 S   0.00325 0.00000 0.99675 0.00000 ( 3)
 196 A   0.95525 0.00000 0.04475 0.00000 ( 1)
 197 I   0.79467 0.00000 0.20533 0.00000 ( 1)
 198 V   0.95595 0.00000 0.04405 0.00000 ( 1)
 199 K   0.05025 0.84373 0.00630 0.09972 ( 2)
 200 Q   0.00000 0.80890 0.00000 0.19110 ( 2)
 201 V   0.96483 0.00000 0.03517 0.00000 ( 1)
 202 E   0.00000 0.83262 0.00001 0.16736 ( 2)
 203 I   0.00000 0.92648 0.00000 0.07352 ( 2)


lnL = -40386.897635

Bayes Empirical Bayes (BEB) probabilities for 4 classes (class)
(amino acids refer to 1st sequence: A_ba_DBAL01)

   1 S   0.24535 0.00460 0.73631 0.01375 ( 3)
   2 N   0.24592 0.00000 0.75408 0.00000 ( 3)
   3 R   0.24758 0.00000 0.75242 0.00000 ( 3)
   4 I   0.24951 0.00000 0.75049 0.00000 ( 3)
   5 D   0.00007 0.24429 0.00024 0.75540 ( 4)
   6 A   0.00000 0.24737 0.00000 0.75263 ( 4)
   7 E   0.00007 0.24626 0.00021 0.75346 ( 4)
   8 K   0.00000 0.24773 0.00000 0.75227 ( 4)
   9 A   0.24777 0.00000 0.75223 0.00000 ( 3)
  10 F   0.24906 0.00000 0.75094 0.00000 ( 3)
  11 V   0.24964 0.00000 0.75036 0.00000 ( 3)
  12 A   0.24901 0.00000 0.75099 0.00000 ( 3)
  13 Y   0.24799 0.00000 0.75201 0.00000 ( 3)
  14 V   0.07460 0.00000 0.92540 0.00000 ( 3)
  15 S   0.24816 0.00015 0.75123 0.00046 ( 3)
  16 A   0.24934 0.00000 0.75066 0.00000 ( 3)
  17 G   0.24855 0.00000 0.75145 0.00000 ( 3)
  18 D   0.25086 0.00000 0.74914 0.00000 ( 3)
  19 P   0.24487 0.00000 0.75513 0.00000 ( 3)
  20 D   0.00000 0.24292 0.00000 0.75708 ( 4)
  21 L   0.00047 0.24514 0.00152 0.75288 ( 4)
  22 Q   0.00242 0.24433 0.00740 0.74585 ( 4)
  23 I   0.00000 0.24396 0.00000 0.75604 ( 4)
  24 M   0.22082 0.01208 0.73033 0.03678 ( 3)
  25 I   0.00000 0.24600 0.00000 0.75400 ( 4)
  26 A   0.24740 0.00150 0.74655 0.00454 ( 3)
  27 L   0.24737 0.00000 0.75263 0.00000 ( 3)
  28 A   0.23140 0.00000 0.76860 0.00000 ( 3)
  29 E   0.00000 0.24563 0.00000 0.75437 ( 4)
  30 A   0.01609 0.23009 0.04896 0.70486 ( 4)
  31 G   0.24890 0.00000 0.75110 0.00000 ( 3)
  32 A   0.20465 0.00000 0.79535 0.00000 ( 3)
  33 D   0.24995 0.00000 0.75005 0.00000 ( 3)
  34 I   0.24982 0.00000 0.75018 0.00000 ( 3)
  35 L   0.24462 0.00000 0.75538 0.00000 ( 3)
  36 E   0.25028 0.00000 0.74972 0.00000 ( 3)
  37 L   0.24212 0.00000 0.75788 0.00000 ( 3)
  38 G   0.24875 0.00000 0.75125 0.00000 ( 3)
  39 V   0.24984 0.00000 0.75016 0.00000 ( 3)
  40 P   0.24859 0.00000 0.75141 0.00000 ( 3)
  41 F   0.24962 0.00000 0.75038 0.00000 ( 3)
  42 S   0.24819 0.00000 0.75181 0.00000 ( 3)
  43 D   0.25096 0.00000 0.74904 0.00000 ( 3)
  44 P   0.24847 0.00000 0.75153 0.00000 ( 3)
  45 L   0.20305 0.00000 0.79695 0.00000 ( 3)
  46 A   0.24885 0.00000 0.75115 0.00000 ( 3)
  47 D   0.25098 0.00000 0.74902 0.00000 ( 3)
  48 G   0.24897 0.00000 0.75103 0.00000 ( 3)
  49 V   0.24767 0.00002 0.75226 0.00005 ( 3)
  50 V   0.23888 0.00000 0.76112 0.00000 ( 3)
  51 N   0.24611 0.00000 0.75389 0.00000 ( 3)
  52 Q   0.24860 0.00000 0.75140 0.00000 ( 3)
  53 A   0.00000 0.24663 0.00000 0.75337 ( 4)
  54 A   0.24880 0.00000 0.75120 0.00000 ( 3)
  55 A   0.01792 0.00000 0.98208 0.00000 ( 3)
  56 A   0.00037 0.24596 0.00114 0.75253 ( 4)
  57 R   0.24709 0.00000 0.75291 0.00000 ( 3)
  58 A   0.24917 0.00000 0.75083 0.00000 ( 3)
  59 L   0.24788 0.00000 0.75212 0.00000 ( 3)
  60 S   0.00000 0.24350 0.00000 0.75650 ( 4)
  61 A   0.00000 0.24424 0.00000 0.75576 ( 4)
  62 G   0.24652 0.00000 0.75348 0.00000 ( 3)
  63 S   0.04266 0.19737 0.15320 0.60676 ( 4)
  64 N   0.24774 0.00000 0.75226 0.00000 ( 3)
  65 S   0.00018 0.24210 0.00059 0.75713 ( 4)
  66 S   0.00000 0.24600 0.00000 0.75400 ( 4)
  67 R   0.00000 0.24589 0.00000 0.75411 ( 4)
  68 I   0.24872 0.00000 0.75128 0.00000 ( 3)
  69 F   0.24474 0.00000 0.75526 0.00000 ( 3)
  70 E   0.00000 0.24619 0.00000 0.75381 ( 4)
  71 L   0.00000 0.24632 0.00000 0.75368 ( 4)
  72 I   0.24899 0.00000 0.75101 0.00000 ( 3)
  73 R   0.00000 0.24695 0.00000 0.75305 ( 4)
  74 R   0.00000 0.24611 0.00000 0.75389 ( 4)
  75 F   0.24887 0.00000 0.75113 0.00000 ( 3)
  76 R   0.24719 0.00000 0.75281 0.00000 ( 3)
  77 Q   0.00000 0.24736 0.00000 0.75264 ( 4)
  78 V   0.24878 0.00046 0.74935 0.00140 ( 3)
  79 P   0.24799 0.00000 0.75201 0.00000 ( 3)
  80 I   0.24964 0.00000 0.75036 0.00000 ( 3)
  81 V   0.24576 0.00000 0.75424 0.00000 ( 3)
  82 L   0.21914 0.00000 0.78086 0.00000 ( 3)
  83 F   0.24962 0.00000 0.75038 0.00000 ( 3)
  84 T   0.24879 0.00000 0.75121 0.00000 ( 3)
  85 Y   0.24850 0.00000 0.75150 0.00000 ( 3)
  86 L   0.14364 0.00002 0.85626 0.00007 ( 3)
  87 N   0.24996 0.00000 0.75004 0.00000 ( 3)
  88 V   0.24961 0.00000 0.75039 0.00000 ( 3)
  89 Y   0.09141 0.00000 0.90859 0.00000 ( 3)
  90 T   0.00000 0.24426 0.00000 0.75574 ( 4)
  91 Y   0.05075 0.01233 0.89777 0.03914 ( 3)
  92 G   0.24842 0.00000 0.75158 0.00000 ( 3)
  93 F   0.24955 0.00000 0.75045 0.00000 ( 3)
  94 H   0.00001 0.24484 0.00006 0.75509 ( 4)
  95 E   0.00000 0.24595 0.00000 0.75405 ( 4)
  96 D   0.23242 0.00000 0.76758 0.00000 ( 3)
  97 A   0.24895 0.00000 0.75105 0.00000 ( 3)
  98 A   0.00002 0.24355 0.00021 0.75623 ( 4)
  99 Q   0.00000 0.24634 0.00000 0.75366 ( 4)
 100 A   0.24905 0.00000 0.75095 0.00000 ( 3)
 101 G   0.24878 0.00000 0.75122 0.00000 ( 3)
 102 A   0.23905 0.00000 0.76095 0.00000 ( 3)
 103 D   0.25086 0.00000 0.74914 0.00000 ( 3)
 104 G   0.24839 0.00000 0.75161 0.00000 ( 3)
 105 I   0.24578 0.00030 0.75299 0.00093 ( 3)
 106 L   0.24753 0.00000 0.75247 0.00000 ( 3)
 107 L   0.00179 0.24505 0.00544 0.74772 ( 4)
 108 L   0.10161 0.00000 0.89839 0.00000 ( 3)
 109 D   0.25081 0.00000 0.74919 0.00000 ( 3)
 110 L   0.24732 0.00000 0.75268 0.00000 ( 3)
 111 P   0.24849 0.00000 0.75151 0.00000 ( 3)
 112 P   0.24796 0.00000 0.75204 0.00000 ( 3)
 113 D   0.25012 0.00000 0.74988 0.00000 ( 3)
 114 E   0.25030 0.00000 0.74970 0.00000 ( 3)
 115 A   0.00000 0.24501 0.00000 0.75499 ( 4)
 116 A   0.00000 0.24562 0.00000 0.75438 ( 4)
 117 Q   0.00000 0.24356 0.00000 0.75644 ( 4)
 118 G   0.24871 0.00000 0.75129 0.00000 ( 3)
 119 L   0.24758 0.00000 0.75242 0.00000 ( 3)
 120 K   0.00000 0.24651 0.00000 0.75349 ( 4)
 121 Q   0.00067 0.24483 0.00207 0.75243 ( 4)
 122 I   0.24957 0.00000 0.75043 0.00000 ( 3)
 123 R   0.24510 0.00152 0.74877 0.00461 ( 3)
 124 L   0.24862 0.00000 0.75138 0.00000 ( 3)
 125 I   0.24056 0.00000 0.75944 0.00000 ( 3)
 126 A   0.23457 0.00000 0.76543 0.00000 ( 3)
 127 P   0.24802 0.00000 0.75198 0.00000 ( 3)
 128 T   0.03663 0.00000 0.96337 0.00000 ( 3)
 129 T   0.24820 0.00000 0.75180 0.00000 ( 3)
 130 P   0.00000 0.24683 0.00000 0.75317 ( 4)
 131 D   0.24954 0.00008 0.75015 0.00023 ( 3)
 132 R   0.24704 0.00000 0.75296 0.00000 ( 3)
 133 V   0.24547 0.00005 0.75433 0.00015 ( 3)
 134 E   0.00000 0.24595 0.00000 0.75405 ( 4)
 135 L   0.00000 0.24623 0.00000 0.75377 ( 4)
 136 L   0.24955 0.00000 0.75045 0.00000 ( 3)
 137 A   0.07691 0.09301 0.54255 0.28753 ( 3)
 138 G   0.00000 0.24705 0.00000 0.75295 ( 4)
 139 M   0.00000 0.24657 0.00000 0.75343 ( 4)
 140 A   0.24910 0.00000 0.75090 0.00000 ( 3)
 141 G   0.24853 0.00000 0.75147 0.00000 ( 3)
 142 F   0.24955 0.00000 0.75045 0.00000 ( 3)
 143 I   0.24396 0.00000 0.75604 0.00000 ( 3)
 144 Y   0.24850 0.00000 0.75150 0.00000 ( 3)
 145 A   0.24828 0.00000 0.75172 0.00000 ( 3)
 146 L   0.24891 0.00000 0.75109 0.00000 ( 3)
 147 S   0.24698 0.00000 0.75302 0.00000 ( 3)
 148 R   0.24701 0.00000 0.75299 0.00000 ( 3)
 149 T   0.24821 0.00001 0.75176 0.00002 ( 3)
 150 G   0.24853 0.00000 0.75147 0.00000 ( 3)
 151 V   0.22913 0.00000 0.77087 0.00000 ( 3)
 152 T   0.24837 0.00000 0.75163 0.00000 ( 3)
 153 A   0.00000 0.24565 0.00000 0.75435 ( 4)
 154 Q   0.00022 0.24669 0.00067 0.75242 ( 4)
 155 I   0.17740 0.00000 0.82260 0.00000 ( 3)
 156 G   0.00000 0.24604 0.00000 0.75396 ( 4)
 157 D   0.00013 0.24460 0.00071 0.75456 ( 4)
 158 H   0.00000 0.24411 0.00000 0.75589 ( 4)
 159 V   0.24899 0.00000 0.75101 0.00000 ( 3)
 160 A   0.00000 0.24618 0.00000 0.75382 ( 4)
 161 A   0.00000 0.24277 0.00000 0.75723 ( 4)
 162 I   0.24921 0.00000 0.75079 0.00000 ( 3)
 163 K   0.24696 0.00086 0.74959 0.00259 ( 3)
 164 F   0.00000 0.24537 0.00000 0.75463 ( 4)
 165 T   0.06537 0.00002 0.93456 0.00005 ( 3)
 166 D   0.00000 0.24550 0.00000 0.75450 ( 4)
 167 V   0.03538 0.21139 0.10838 0.64485 ( 4)
 168 P   0.24851 0.00000 0.75149 0.00000 ( 3)
 169 V   0.24688 0.00000 0.75312 0.00000 ( 3)
 170 C   0.23248 0.00000 0.76752 0.00001 ( 3)
 171 V   0.22453 0.00000 0.77547 0.00000 ( 3)
 172 G   0.24905 0.00000 0.75095 0.00000 ( 3)
 173 F   0.24963 0.00000 0.75037 0.00000 ( 3)
 174 G   0.24857 0.00000 0.75143 0.00000 ( 3)
 175 I   0.24938 0.00000 0.75062 0.00000 ( 3)
 176 S   0.24771 0.00002 0.75221 0.00006 ( 3)
 177 T   0.21651 0.00000 0.78348 0.00000 ( 3)
 178 P   0.12052 0.00000 0.87947 0.00001 ( 3)
 179 E   0.24979 0.00000 0.75021 0.00000 ( 3)
 180 Q   0.01990 0.00000 0.98010 0.00000 ( 3)
 181 A   0.24902 0.00000 0.75098 0.00000 ( 3)
 182 A   0.00000 0.24504 0.00000 0.75496 ( 4)
 183 L   0.00000 0.24395 0.00000 0.75605 ( 4)
 184 V   0.24845 0.00000 0.75155 0.00000 ( 3)
 185 S   0.01928 0.00000 0.98072 0.00000 ( 3)
 186 S   0.00000 0.24731 0.00000 0.75269 ( 4)
 187 V   0.00000 0.24519 0.00000 0.75481 ( 4)
 188 A   0.24896 0.00000 0.75104 0.00000 ( 3)
 189 D   0.25088 0.00000 0.74912 0.00000 ( 3)
 190 G   0.24853 0.00000 0.75147 0.00000 ( 3)
 191 I   0.03576 0.00000 0.96424 0.00000 ( 3)
 192 V   0.24482 0.00000 0.75518 0.00000 ( 3)
 193 V   0.24892 0.00000 0.75108 0.00000 ( 3)
 194 G   0.24860 0.00000 0.75140 0.00000 ( 3)
 195 S   0.09287 0.00000 0.90713 0.00000 ( 3)
 196 A   0.24879 0.00000 0.75121 0.00000 ( 3)
 197 I   0.24126 0.00000 0.75874 0.00000 ( 3)
 198 V   0.24922 0.00000 0.75078 0.00000 ( 3)
 199 K   0.03148 0.21456 0.09727 0.65669 ( 4)
 200 Q   0.00000 0.24448 0.00000 0.75552 ( 4)
 201 V   0.24941 0.00000 0.75059 0.00000 ( 3)
 202 E   0.00000 0.24449 0.00002 0.75549 ( 4)
 203 I   0.00000 0.24705 0.00000 0.75295 ( 4)

